97	97	64	1056	448	
// "first parameter" test tang ham
//3864	300	64	7000	448	
// "first parameter" test cau thang va con bao
//1200	530	64	2624	896	
// "first parameter" original
//97	97	64	1056	448	
// ======== COLLIDER BLOCK =======
0	701	48	448	32	896	
1	701	1584	224	32	448	
2	701	3120	224	32	448	
3	701	1648	464	3168	32	
4	701	3136	560	32	160	
5	701	4160	240	32	224	
6	701	4152	560	16	160	
7	701	5696	624	32	352	
8	701	816	48	1504	32	
9	701	1488	592	96	32	
10	701	1728	656	320	32	
11	701	2000	592	160	32	
12	701	3120	656	544	32	
13	701	3248	464	32	32	
14	701	3456	464	384	32	
15	701	3440	592	96	32	
16	701	3712	464	128	32	
17	701	3824	464	96	32	
18	701	3888	464	32	32	
19	701	4800	464	1792	32	
20	701	3728	528	96	32	
21	701	3712	592	128	32	
22	701	3664	624	32	32	
23	701	3696	624	32	32	
24	701	3728	624	32	32	
25	701	3760	624	32	32	
26	701	3664	560	32	32	
27	701	3696	560	32	32	
28	701	3728	560	32	32	
29	701	3760	560	32	32	
30	701	3696	496	32	32	
31	701	3728	496	32	32	
32	701	3760	496	32	32	
33	701	3808	624	64	32	
34	701	3888	592	96	32	
35	701	3360	240	64	32	
36	701	3360	176	464	32	
37	701	3680	176	80	32	
38	701	3912	176	296	32	
39	701	4128	112	64	32	
40	701	4064	48	64	32	
41	701	4176	656	416	32	
42	701	4128	784	64	32	
43	701	4592	592	336	32	
44	701	5520	528	32	32	
45	701	5648	592	96	32	
46	701	3120	784	32	32	
// ======== TOR & CANDLE =======
// first 5 torch (out gate)
47	601	254	96	2	
48	601	509	96	7	
49	601	766	96	7	
50	601	1023	96	2	
51	601	1281	96	8	
// next candle
// region 1
52	602	125	528	4	
53	602	255	592	1	
54	602	382	527	1	
55	602	511	592	1	
56	602	640	527	1	
57	602	767	591	1	
58	602	894	529	1	
59	602	1023	591	1	
60	602	1151	531	1	
61	602	1279	590	1	
62	602	1406	719	1	
63	602	1535	529	5	
64	602	1661	781	10	
65	602	1791	719	2	
66	602	1917	527	5	
67	602	2047	722	1	
68	602	2174	527	1	
69	602	2302	527	1	
70	602	2431	527	1	
71	602	2558	527	1	
72	602	2686	527	1	
73	602	2814	592	1	
74	602	2942	719	1	
75	602	3071	782	13	
// region 2
76	602	3199	526	5	
77	602	3330	721	2	
78	602	3458	752	1	
79	602	3585	593	1	
80	602	3742	750	2	
81	602	3838	530	1	
82	602	3967	784	13	
83	602	4097	718	1	
// basement
84	602	3195	301	5	
85	602	3327	300	1	
86	602	3453	300	1	
87	602	3583	301	5	
88	602	3713	301	11	
89	602	3834	301	1	
90	602	3966	300	1	
91	602	4120	300	2	
// region 3
103	602	4225	591	2	
92	602	4349	717	1	
93	602	4478	655	1	
94	602	4607	718	14	
95	602	4733	530	1	
96	602	4861	591	9	
97	602	4990	531	1	
98	602	5118	531	1	
99	602	5244	590	2	
100	602	5374	529	1	
101	602	5503	592	1	
102	602	5630	591	2	
// ======== ZONE =======
// out gate
// ----- đây là lối vào lâu đài
// type  X		Y	w	h	teleX&Y  camX		camY	
//104	901	1456	64	10	8	97	523	64	2624	896	// gateway
104	908	1456	64	10	8	97	523	64	2624	896	
105	902	1520	96	32	64	1328	76	6	0	0	// spawn item
// region 1
106	906	480	648	832	336	503	3	// spawner ghoul
107	906	2720	670	832	336	503	3	// spawner ghoul
//108	901	3104	704	16	64	3200	710	3136	3648	896	// gateway
108	909	3144	720	112	96	0	0	3136	3648	1	
// region 2 - upper
109	901	3280	432	36	36	3264	354	3136	3648	448	// tele to basement
110	901	3920	432	36	36	3904	354	3136	3648	448	// # 2 tele to basement
//111	901	4128	704	16	64	4224	710	4160	5184	896	// tele to region 3		4168
111	909	4168	720	112	96	0	0	4160	5184	1	
114	906	3664	624	866	290	501	1	// spawner red bat
// region 2 - basement
112	901	3216	368	36	36	3248	499	3136	3648	896	// tele to upper
113	901	3856	368	36	36	3888	499	3136	3648	896	// #2 tele to upper
115	906	3648	176	1024	352	504	2	// spawner fish
119	902	4064	96	64	64	3902	204	6	0	1	// spawn item
120	904	3648	23	1022	44	
// region 3
116	906	4576	648	766	336	503	2	// spawner ghoul
117	906	4480	710	566	194	503	1	// spawner ghoul up
118	906	4576	540	766	116	503	1	// spawner ghoul down
121	907	5512	528	32	96	// battle boss
// ====== BRICK & MISC ======
200	702	2096	592	4	
// region 2
201	704	3664	528	0	
202	703	3664	496	15	
203	702	4080	176	0	
// near boss
204	702	5552	528	16	
// ======= ENEMY =======
500	505	1462	651	
501	505	1844	714	
502	505	1970	651	
1000	507	5406	776	// boss
// ====== STAIR ======
// region 1
600	801	1312	512	
601	804	1440	640	
602	801	1504	640	
603	804	1568	704	
604	803	1888	704	
605	802	1952	640	
620	801	2656	512	
621	804	2848	704	
// region 2 - upper
606	803	3232	512	
607	803	3488	640	
608	802	3616	512	
609	803	3872	512	
610	803	3936	640	
611	802	4064	512	
// region 2 - basement
612	802	3328	288	
613	802	4032	224	
// region 3 - near boss
614	803	4384	704	
615	802	4448	640	
616	803	4768	640	
617	802	4896	512	
618	801	5536	576	
619	804	5600	640	