2719	70	2624	2624	448	
//test medusa
//100	1000	64	64	1344	
// ====== COLLIDER BLOCK ======
1	701	2608	176	32	352	
2	701	2640	240	32	224	
3	701	2672	192	32	128	
4	701	3120	176	32	352	
5	701	3088	288	32	128	
6	701	3088	80	32	160	
7	701	3056	144	160	32	
8	701	2752	208	384	32	
9	701	2848	16	576	32	
10	701	2576	176	32	352	
11	701	2544	144	32	32	
12	701	2352	144	32	160	
13	701	2320	128	32	128	
14	701	2128	112	32	224	
15	701	2064	112	32	224	
16	701	1904	112	32	224	
17	701	1872	112	32	224	
18	701	1616	112	32	224	
19	701	1616	336	32	32	
20	701	112	176	32	352	
21	701	2080	208	192	32	
22	701	1856	208	128	32	
23	701	1760	144	64	32	
24	701	1184	208	960	32	
25	701	672	272	64	32	
26	701	352	208	576	32	
27	701	128	272	128	32	
28	701	2416	208	160	32	
29	701	2208	144	64	32	
30	701	2304	80	128	32	
31	701	1824	496	64	32	
32	701	1952	496	64	32	
33	701	2112	528	128	32	
34	701	2304	528	128	32	
35	701	2784	528	704	32	
36	701	3008	656	256	32	
37	701	2832	720	32	32	
38	701	2784	592	64	32	
39	701	2656	656	192	32	
40	701	2336	656	64	32	
41	701	1920	656	384	32	
42	701	1616	592	224	32	
43	701	1536	560	256	32	
44	701	1536	528	256	32	
45	701	1536	496	256	32	
46	701	1344	464	640	32	
47	701	1120	720	1088	32	
48	701	1600	752	128	32	
49	701	1600	784	128	32	
50	701	1056	496	64	32	
51	701	576	528	1024	32	
52	701	368	560	32	32	
53	701	480	624	64	32	
54	701	544	656	64	32	
55	701	112	624	32	352	
56	701	1584	1072	32	352	
57	701	1552	1072	32	352	
58	701	1520	976	32	32	
59	701	112	1168	32	160	
60	701	992	1008	960	32	
61	701	288	976	448	32	
62	701	80	1168	32	160	
114	701	2960	144	32	32	
115	701	2512	144	32	32	
116	701	1488	976	32	32	
117	701	80	1040	32	96	
118	701	3088	624	32	352	
// ====== CANDLE ======
// region 1
63	602	2783	145	12	
64	602	3040	145	2	
65	602	2910	335	1	
// region 2
66	602	2526	335	1	
67	602	2400	335	1	
68	602	2269	337	1	
69	602	2141	335	1	
70	602	2015	339	1	
71	602	1887	338	5	
72	602	1759	336	1	
// region 3
73	602	1502	335	1	
74	602	1375	335	1	
75	602	1246	335	1	
76	602	1118	335	1	
77	602	991	337	8	
78	602	863	335	1	
79	602	735	335	1	
80	602	607	272	2	
81	602	478	335	1	
82	602	349	273	2	
83	602	222	333	1	
// region 4 - lower
84	602	1758	587	5	
85	602	2015	607	1	
86	602	2270	607	1	
87	602	2526	605	1	
88	602	2911	608	5	
// region 4 - upper
89	602	3039	787	1	
90	602	2780	787	1	
91	602	2655	785	11	
92	602	2398	786	1	
93	602	2143	780	1	
94	602	1887	781	1	
// region 5
95	602	1373	593	1	
96	602	1245	593	1	
97	602	1118	593	1	
98	602	991	593	10	
99	602	862	593	4	
100	602	734	593	1	
101	602	606	593	1	
102	602	480	600	1	
103	602	349	600	1	
104	602	221	651	2	
// region 6 - near boss
105	602	1502	1106	1	
106	602	1374	1106	1	
107	602	1246	1106	1	
108	602	1116	1106	13	
109	602	993	1106	1	
110	602	861	1106	16	
111	602	733	1106	16	
112	602	607	1106	12	
113	602	477	1086	2	
// ===== STAIR ======
// region 1
150	801	2848	64	
151	804	2976	192	
152	801	2784	256	
// region 2
153	804	2528	192	
// region 3
154	801	160	320	
// region 4
155	804	1792	544	
// region 5
156	801	384	608	
157	804	448	672	
158	801	1376	768	
// region 6 - near boss
159	804	1504	1024	
// ====== BRICK ======
200	705	3088	208	0	
201	705	3088	176	0	
202	705	2320	208	16	
203	705	2864	720	15	
204	705	1488	592	15	
205	705	336	560	16	
// --- bar ---
230	706	1746	216	
231	706	2432	664	
232	706	2200	664	


// ====== ZONE ======
// region 1
210	902	3088	192	16	32	2894	48	17	0	0	// spawn crown
211	901	2912	352	36	36	2416	82	1600	2112	448	// gateway up stair
// region 2
212	901	2384	16	36	36	2848	322	2624	2624	448	// gateway down stair
//213	901	1648	272	32	96	1568	272	64	1088	448	// gateway to #region 3
213	909	1608	272	112	96	0	0	64	1088	-1	
235	904	1844	34	484	64	// dead zone
// region 3
214	906	1312	288	574	128	511	1	// spawner Head
215	902	676	306	32	32	864	235	18	2	0	// spawn treasure
216	901	240	368	36	36	1744	498	1600	2624	896	// gateway upstair
// region 4
217	901	1712	432	36	36	192	354	64	1088	448	// gateway downstair
//218	901	1648	656	32	96	1568	650	64	1088	896	// gateway to #region 5
218	909	1608	656	112	96	0	0	64	1088	-1	
236	904	2048	408	926	8	//dead zone
237	906	1888	726	460	144	511	1	// spawner Head
238	906	2004	616	544	146	511	1	// spawner Head
// region 5
219	901	1456	816	36	36	1472	994	64	1088	1344	// gateway upstair
233	906	544	576	64	128	512	1	// spawner ghost
234	906	1280	768	64	128	512	1	// spawner ghost
//grinder[0]->Init(795, 696, 0, 0, 0, 0, 0, 0, 7);
240	905	795	696	0	0	0	0	0	0	7	
//grinder[1]->Init(925, 696, 0, 0, 0, 0, 0, 0, 5);
241	905	925	696	0	0	0	0	0	0	5	
//grinder[2]->Init(1055, 696, 0, 0, 0, 0, 0, 0, 9);
242	905	1055	696	0	0	0	0	0	0	9	
// region 6
220	901	1408	896	36	36	1408	802	64	1088	896	//gateway downstair
221	906	1200	1136	480	228	511	1	// spawner Head
223	902	1044	1040	32	32	928	1036	18	2	0	// spawn treasure
222	907	246	1028	32	96	// battle boss
// ===== ENEMY ======
// blue bat
500	502	2720	320	
501	502	2208	320	
502	502	352	720	
// knight
//	type  _X	_Y	Left	Right
503	510	2832	256	2713	2920	
504	510	2271	128	2256	2286	
505	510	1860	256	1810	1900	
506	510	366	256	146	624	
507	510	2634	576	2450	3054	
508	510	2970	704	2896	3054	
509	510	2680	704	2576	2736	
// bone
511	513	560	704	
512	513	688	768	
// boss
1000	508	288	1052	// medusa